x= 0, y= 0   Sample: SLOT3 EPIC 2009 CS
VASEmethod[EllipsometerType=4, Isotropic, FixedPol=45.00, ZoneAve=1, Revs=100, OffsetMode=2, Offset1=0, Offset2=0, Offset3=0, WVASE=3.774, HardVer=17.034, Fri Nov 07 15:28:43 2014]
Original[slot3 epic 2009.dat]
nm
191.357471	55.000000	34.91449	130.34494	0.682933	1.21988
192.948230	55.000000	34.403629	139.45943	0.352283	0.573571
194.539038	55.000000	34.765808	142.05399	0.25539	0.428966
196.129883	55.000000	33.414028	145.29129	0.205516	0.362718
197.720776	55.000000	32.709126	149.96054	0.155978	0.285617
199.311694	55.000000	33.538269	155.061	0.124458	0.235529
200.902649	55.000000	33.46312	158.85312	0.106956	0.216438
202.493652	55.000000	33.556545	162.29431	0.0998795	0.215894
204.084692	55.000000	33.897678	166.3611	0.0951749	0.218239
205.675757	55.000000	34.018536	169.65974	0.0870342	0.20983
207.266870	55.000000	34.471287	173.66573	0.0836375	0.207488
208.858008	55.000000	35.065357	177.72334	0.077179	0.19398
210.449194	55.000000	35.677242	181.50636	0.0708443	0.176436
212.040405	55.000000	36.326351	185.20387	0.0701272	0.170686
213.631665	55.000000	36.643631	189.08044	0.069024	0.162232
215.222949	55.000000	37.048637	193.174	0.0687719	0.155116
216.814258	55.000000	37.559162	196.54004	0.0657449	0.141038
218.405615	55.000000	37.905991	199.61171	0.0625903	0.128362
219.996997	55.000000	38.242451	202.47995	0.0568685	0.11144
221.588403	55.000000	38.60891	205.47575	0.054068	0.101842
223.179858	55.000000	39.110954	207.83482	0.0521413	0.0946287
224.771338	55.000000	39.442883	210.22095	0.0506195	0.0892618
226.362866	55.000000	40.156017	211.80641	0.0467829	0.0804358
227.954419	55.000000	40.74292	213.479	0.0452104	0.0761081
229.545996	55.000000	41.379509	214.69792	0.0436501	0.0721686
231.137598	55.000000	42.196045	215.80212	0.03977	0.0645878
232.729224	55.000000	43.014725	216.14609	0.0384343	0.061365
234.320898	55.000000	43.985897	216.23691	0.0373493	0.0585958
235.912598	55.000000	45.010048	215.99655	0.0377368	0.0581787
237.504321	55.000000	46.150162	215.12434	0.0374605	0.0567128
239.096069	55.000000	47.334297	213.60886	0.0353995	0.0523902
240.687866	55.000000	48.590702	211.68848	0.036086	0.0520037
242.279663	55.000000	49.756489	208.74199	0.0341232	0.0474274
243.871509	55.000000	50.91914	205.07755	0.0320467	0.0426421
245.463379	55.000000	52.059971	200.5435	0.0315856	0.0397674
247.055273	55.000000	53.00066	195.32463	0.0303845	0.0360204
248.647192	55.000000	53.657787	189.26997	0.03061	0.0341595
250.239136	55.000000	54.015125	182.6727	0.0290244	0.0310277
251.831104	55.000000	54.093525	175.74408	0.029086	0.0309221
253.423120	55.000000	53.873455	168.79724	0.0286562	0.0315577
255.015137	55.000000	53.418583	161.90773	0.0268523	0.0315663
256.607178	55.000000	52.650471	155.56624	0.0271278	0.0342736
258.199243	55.000000	51.772938	149.8284	0.0275769	0.0372779
259.791357	55.000000	50.760429	144.73016	0.0266986	0.0382585
261.383472	55.000000	49.796818	140.24136	0.027844	0.0418645
262.975610	55.000000	48.738464	136.62169	0.0271026	0.0422224
264.567773	55.000000	47.828045	133.59836	0.0279651	0.0448208
266.159961	55.000000	46.966148	131.07933	0.0277796	0.0455665
267.752173	55.000000	46.136234	129.03908	0.0263598	0.0439853
269.344385	55.000000	45.492352	127.43401	0.027288	0.0461808
270.936646	55.000000	44.846466	126.33929	0.0281581	0.0481385
272.528906	55.000000	44.266232	125.61636	0.0271057	0.0467238
274.121216	55.000000	43.802788	125.19483	0.0273346	0.0472803
275.713525	55.000000	43.285492	125.08392	0.0275548	0.047807
277.305859	55.000000	42.872341	125.36181	0.0272499	0.0472984
278.898218	55.000000	42.505558	125.72661	0.0271889	0.0471762
280.490576	55.000000	42.14357	126.22127	0.027315	0.0473364
282.082959	55.000000	41.799049	126.95347	0.0262314	0.0453177
283.675366	55.000000	41.520481	127.7564	0.0273801	0.047084
285.267798	55.000000	41.181652	128.9173	0.0263518	0.0450151
286.860229	55.000000	40.919949	130.11012	0.0272359	0.0461301
288.452710	55.000000	40.608749	131.2821	0.0266102	0.044761
290.045166	55.000000	40.267776	132.53442	0.0267802	0.0448012
291.637671	55.000000	39.873009	133.82639	0.026169	0.0434787
293.230176	55.000000	39.530872	135.02605	0.0264565	0.0436604
294.822705	55.000000	39.155064	136.24706	0.0276318	0.0454054
296.415234	55.000000	38.849167	137.39076	0.025976	0.0425096
298.007788	55.000000	38.567394	138.51279	0.0275504	0.0448636
299.600366	55.000000	38.253593	139.64386	0.0274237	0.0445214
301.192944	55.000000	37.979607	140.81866	0.026858	0.0434069
302.785522	55.000000	37.772926	141.87059	0.0282678	0.0454965
304.378149	55.000000	37.476406	143.06526	0.0281942	0.0452685
305.970776	55.000000	37.296192	144.20735	0.0270768	0.0433111
307.563403	55.000000	37.109291	145.31474	0.0263842	0.0420285
309.156055	55.000000	36.976723	146.483	0.0280306	0.0445935
310.748706	55.000000	36.801342	147.66969	0.0268989	0.0426537
312.341382	55.000000	36.655159	148.80415	0.0266481	0.0421425
313.934058	55.000000	36.515022	149.97911	0.0277442	0.0438557
315.526733	55.000000	36.389748	151.10837	0.0285167	0.0450481
317.119434	55.000000	36.291649	152.13185	0.0282268	0.044525
318.712158	55.000000	36.22868	153.41328	0.027842	0.0438903
320.304883	55.000000	36.109367	154.48869	0.0276092	0.0436445
321.897607	55.000000	35.999527	155.7077	0.0281625	0.0444595
323.490332	55.000000	35.926201	156.78691	0.0283743	0.0448667
325.083081	55.000000	35.867004	157.97675	0.0286241	0.0454529
326.675830	55.000000	35.798237	159.18855	0.028135	0.044729
328.268604	55.000000	35.766392	160.32362	0.0283632	0.0450871
329.861377	55.000000	35.626427	161.37595	0.0275864	0.0442079
331.454150	55.000000	35.6702	162.45656	0.0277565	0.0447075
333.046924	55.000000	35.591259	163.64459	0.0278005	0.0448263
334.639722	55.000000	35.564247	164.74126	0.0291457	0.047147
336.232495	55.000000	35.511589	165.6326	0.0326408	0.0533109
337.825293	55.000000	35.463329	166.90607	0.0374217	0.0615781
339.418115	55.000000	35.503189	168.00502	0.0407068	0.0672165
341.010913	55.000000	35.437519	169.31932	0.0377041	0.0626816
342.603735	55.000000	35.512096	170.2086	0.0322565	0.0540353
344.196533	55.000000	35.537853	171.18468	0.030354	0.0510411
345.789355	55.000000	35.537682	172.12805	0.0306266	0.0514179
347.382178	55.000000	35.550259	172.9657	0.0288933	0.0487297
348.975000	55.000000	35.529606	173.85947	0.0282505	0.0482238
350.567822	55.000000	35.570316	174.87843	0.0284733	0.0488986
352.160669	55.000000	35.643398	175.98792	0.0278243	0.0477572
353.753491	55.000000	35.735226	177.04445	0.0282536	0.0485944
355.346313	55.000000	35.809532	178.09833	0.0288054	0.0501761
356.939160	55.000000	35.856674	179.08755	0.0286394	0.0503857
358.531982	55.000000	35.971687	180.26842	0.0276351	0.0484963
360.124829	55.000000	36.096184	181.43727	0.0277547	0.0485662
361.717651	55.000000	36.192364	182.72171	0.0291102	0.0513259
363.310474	55.000000	36.318455	183.99629	0.0274808	0.04902
364.903320	55.000000	36.332634	185.31221	0.0271041	0.0485761
366.496143	55.000000	36.353069	186.58	0.0281072	0.0501019
368.088965	55.000000	36.332676	188.00514	0.0289494	0.051564
369.681787	55.000000	36.234715	189.298	0.0279352	0.0503568
371.274609	55.000000	36.159615	190.6544	0.0269366	0.0492359
372.867432	55.000000	35.997158	191.95747	0.0277296	0.0511159
374.460254	55.000000	35.893848	193.34595	0.0291778	0.0537112
376.053052	55.000000	35.78426	194.53371	0.0296856	0.0547584
377.645850	55.000000	35.564133	195.78915	0.0285324	0.0533669
379.238672	55.000000	35.445969	196.93008	0.0275182	0.0523372
380.831470	55.000000	35.246712	198.03247	0.0276967	0.0531503
382.424243	55.000000	35.093788	199.01018	0.0280305	0.0536364
384.017041	55.000000	34.917831	199.9209	0.0274673	0.0524563
385.609814	55.000000	34.791847	200.81151	0.0274898	0.0528574
387.202588	55.000000	34.723106	201.62085	0.0270564	0.0527257
388.795361	55.000000	34.659451	202.51506	0.0274763	0.0540644
390.388110	55.000000	34.43594	203.26123	0.027306	0.0537374
391.980859	55.000000	34.352055	203.98734	0.0265917	0.0520511
393.573608	55.000000	34.278278	204.87825	0.0266662	0.0521606
395.166333	55.000000	34.187481	205.50046	0.0271788	0.0535342
396.759058	55.000000	34.085983	206.25887	0.0273892	0.0546392
398.351782	55.000000	34.01112	206.98137	0.0261562	0.0525544
399.944482	55.000000	33.924301	207.66609	0.0265327	0.0531502
401.537183	55.000000	33.927265	208.33788	0.0261524	0.05205
403.129883	55.000000	33.834076	209.07684	0.0267869	0.0532667
404.722559	55.000000	33.827789	209.70148	0.0266782	0.0533495
406.315210	55.000000	33.787807	210.35709	0.0254879	0.0514875
407.907886	55.000000	33.772919	210.97	0.0257591	0.0522506
409.500513	55.000000	33.719448	211.5441	0.0268476	0.0544441
411.093164	55.000000	33.674419	212.20078	0.0265453	0.053457
412.685742	55.000000	33.718666	212.75278	0.0268586	0.0537797
414.278369	55.000000	33.664799	213.2524	0.0258412	0.0518053
415.870947	55.000000	33.629124	213.94351	0.0255164	0.0516293
417.463525	55.000000	33.597172	214.54877	0.0260351	0.0530446
419.056104	55.000000	33.620441	215.18814	0.0261317	0.0532937
420.648633	55.000000	33.623051	215.62671	0.0250585	0.0508559
422.241162	55.000000	33.580044	216.17975	0.0254727	0.0513603
423.833691	55.000000	33.640766	216.81239	0.0248756	0.0500254
425.426221	55.000000	33.64819	217.32018	0.0253713	0.0510471
427.018701	55.000000	33.609051	217.72302	0.0253193	0.0512381
428.611182	55.000000	33.676826	218.18419	0.025571	0.0519877
430.203613	55.000000	33.659439	218.68454	0.026197	0.0533147
431.796045	55.000000	33.676731	219.13219	0.0261203	0.0529498
433.388477	55.000000	33.727501	219.71873	0.0263894	0.05317
434.980859	55.000000	33.735603	220.08705	0.0250717	0.0503148
436.573242	55.000000	33.763851	220.586	0.0260361	0.0522627
438.165625	55.000000	33.827091	220.9872	0.0249408	0.0501636
439.757959	55.000000	33.910225	221.36531	0.025469	0.0513227
441.350293	55.000000	33.904793	221.91089	0.0242581	0.0490813
442.942627	55.000000	33.952122	222.28998	0.0233478	0.0471258
444.534912	55.000000	34.015762	222.71881	0.0247698	0.0497512
446.127148	55.000000	34.047195	223.17995	0.023823	0.0476253
447.719385	55.000000	34.114555	223.49123	0.0241673	0.0481252
449.311621	55.000000	34.168636	223.90131	0.0238341	0.0474434
450.903809	55.000000	34.226597	224.21059	0.0230533	0.0459922
452.495996	55.000000	34.335331	224.59814	0.0239734	0.0479207
454.088184	55.000000	34.392563	224.97772	0.0246519	0.0493294
455.680322	55.000000	34.484203	225.30756	0.02424	0.0483991
457.272412	55.000000	34.52964	225.70946	0.0233837	0.04651
458.864502	55.000000	34.590954	226.06308	0.0229234	0.0454036
460.456543	55.000000	34.697514	226.45155	0.0237002	0.0467488
462.048584	55.000000	34.833057	226.62064	0.0232188	0.0456715
463.640625	55.000000	34.941879	227.03099	0.023427	0.0460708
465.232617	55.000000	35.029305	227.31239	0.0230247	0.0453336
466.824561	55.000000	35.164894	227.57219	0.0230303	0.0453813
468.416504	55.000000	35.250534	227.90324	0.0235332	0.0463386
470.008398	55.000000	35.343212	228.21393	0.0230124	0.0452214
471.600293	55.000000	35.489086	228.42621	0.0236953	0.0463206
473.192188	55.000000	35.584225	228.74002	0.0236286	0.0460177
474.783984	55.000000	35.747414	228.98631	0.0237732	0.0460778
476.375781	55.000000	35.882427	229.31499	0.0239912	0.0464637
477.967578	55.000000	35.99086	229.59149	0.0234221	0.0453526
479.559326	55.000000	36.127682	229.80162	0.0233015	0.0451047
481.151025	55.000000	36.287094	230.06538	0.0236696	0.0457984
482.742725	55.000000	36.42783	230.30455	0.0232005	0.0448564
484.334375	55.000000	36.593338	230.552	0.0224719	0.043328
485.926025	55.000000	36.718567	230.71648	0.0230998	0.0443961
487.517627	55.000000	36.829006	230.96188	0.0226548	0.0434083
489.109180	55.000000	37.020924	231.01091	0.0224776	0.0428428
490.700732	55.000000	37.189369	231.40117	0.0229924	0.0437539
492.292236	55.000000	37.376125	231.65346	0.0229762	0.0436342
493.883691	55.000000	37.514118	231.79614	0.0235419	0.0446626
495.475146	55.000000	37.733849	231.96901	0.0235946	0.044738
497.066553	55.000000	37.864742	232.13441	0.0234011	0.0443348
498.657910	55.000000	38.1189	232.34453	0.023777	0.0449674
500.249268	55.000000	38.281906	232.43813	0.0233689	0.0440841
501.840576	55.000000	38.48616	232.51547	0.0232663	0.0437028
503.431836	55.000000	38.672668	232.67627	0.024206	0.045331
505.023096	55.000000	38.872147	232.76106	0.0233698	0.0435924
506.614307	55.000000	39.10088	232.91342	0.0235561	0.0437832
508.205469	55.000000	39.303867	233.11314	0.0238431	0.0442493
509.796582	55.000000	39.494213	233.23334	0.0242146	0.0448662
511.387695	55.000000	39.759823	233.26331	0.0236016	0.0436419
512.978760	55.000000	39.981377	233.39835	0.0231733	0.042828
514.569775	55.000000	40.210953	233.48332	0.0248558	0.0458509
516.160742	55.000000	40.415501	233.57356	0.0236346	0.0435314
517.751709	55.000000	40.654816	233.73213	0.02498	0.0459348
519.342627	55.000000	40.903801	233.76674	0.0245086	0.0449289
520.933496	55.000000	41.127094	233.79936	0.0246886	0.0451094
522.524316	55.000000	41.3605	233.79707	0.0239914	0.0436894
524.115137	55.000000	41.646408	233.89853	0.0252451	0.0458353
525.705859	55.000000	41.911877	233.89687	0.0252558	0.045741
527.296582	55.000000	42.182987	234.078	0.0256854	0.0464753
528.887256	55.000000	42.495041	233.97675	0.0260598	0.0470673
530.477930	55.000000	42.781467	234.01054	0.024852	0.0448316
532.068506	55.000000	43.042633	233.99062	0.0252098	0.0454425
533.659033	55.000000	43.340649	233.95137	0.025981	0.046783
535.249561	55.000000	43.584347	233.89589	0.0264627	0.0475728
536.840039	55.000000	43.891235	233.91464	0.0274649	0.0492859
538.430469	55.000000	44.198219	233.89081	0.0280327	0.0502101
540.020850	55.000000	44.456356	233.82738	0.0281804	0.0503638
541.611182	55.000000	44.74931	233.8141	0.0273797	0.0488346
543.201465	55.000000	45.040344	233.80356	0.0269074	0.0479136
544.791748	55.000000	45.363388	233.72057	0.0266118	0.0473265
546.381934	55.000000	45.677681	233.64426	0.0258596	0.0459361
547.972119	55.000000	45.982819	233.60263	0.0272312	0.0483878
549.562207	55.000000	46.3274	233.4021	0.0271119	0.0481145
551.152295	55.000000	46.68259	233.36232	0.0267236	0.0474585
552.742334	55.000000	47.074261	233.24574	0.0279794	0.0497069
554.332275	55.000000	47.390991	233.12726	0.0271906	0.0483343
555.922217	55.000000	47.742424	232.86371	0.0266955	0.0474095
557.512109	55.000000	48.054733	232.77835	0.0277451	0.0492618
559.101953	55.000000	48.497261	232.65436	0.027425	0.0487096
560.691748	55.000000	48.793732	232.42795	0.0279733	0.0496323
562.281494	55.000000	49.176865	232.28668	0.0278687	0.0494519
563.871191	55.000000	49.520134	232.15013	0.0278575	0.0494296
565.460840	55.000000	49.911728	231.84589	0.0277946	0.0493167
567.050439	55.000000	50.311279	231.6646	0.0280411	0.049804
568.639941	55.000000	50.618046	231.36745	0.0279972	0.0497373
570.229443	55.000000	51.07103	231.17796	0.0287045	0.0511298
571.818896	55.000000	51.433743	230.83562	0.0280672	0.0500774
573.408301	55.000000	51.873581	230.65295	0.0280596	0.0502396
574.997656	55.000000	52.252743	230.37387	0.0288413	0.0517347
576.586914	55.000000	52.662132	229.95741	0.0276395	0.0496528
578.176172	55.000000	53.020763	229.74045	0.0292159	0.0526169
579.765381	55.000000	53.402496	229.28127	0.0275278	0.0496264
581.354492	55.000000	53.832771	228.99536	0.0278466	0.0503231
582.943555	55.000000	54.257992	228.54573	0.0274066	0.0496135
584.532617	55.000000	54.658249	228.21562	0.0280733	0.050952
586.121582	55.000000	55.098808	227.68858	0.0290453	0.0527394
587.710498	55.000000	55.487091	227.31871	0.0292381	0.053208
589.299365	55.000000	55.917839	226.94048	0.0287017	0.0524039
590.888184	55.000000	56.28825	226.4007	0.0297383	0.0543412
592.476904	55.000000	56.74316	225.89998	0.0301597	0.0552794
594.065625	55.000000	57.146595	225.34174	0.0295913	0.0543774
595.654248	55.000000	57.610901	224.95447	0.0293283	0.0542151
597.242871	55.000000	57.984356	224.28111	0.0298554	0.0552652
598.831396	55.000000	58.380863	223.70059	0.029516	0.0547468
600.419824	55.000000	58.801693	223.04893	0.0309523	0.0575597
602.008252	55.000000	59.253899	222.45384	0.0292915	0.05465
603.596631	55.000000	59.647316	221.80798	0.0294619	0.0550491
605.184912	55.000000	60.045856	221.04469	0.0296819	0.055416
606.773145	55.000000	60.466862	220.35703	0.0309075	0.0578047
608.361328	55.000000	60.901951	219.62312	0.0319485	0.0598098
609.949463	55.000000	61.24926	218.74501	0.0309576	0.0577963
611.537500	55.000000	61.673313	218.03571	0.0320618	0.059874
613.125488	55.000000	62.088844	217.10179	0.0307092	0.0572368
614.713428	55.000000	62.375851	216.19867	0.0317653	0.0588826
616.301318	55.000000	62.831062	215.39275	0.0319518	0.0593018
617.889160	55.000000	63.196594	214.46204	0.0323715	0.0599038
619.476904	55.000000	63.548458	213.50453	0.0321093	0.0592339
621.064600	55.000000	63.923805	212.50136	0.0344567	0.0633736
622.652197	55.000000	64.282837	211.44118	0.0325292	0.0596773
624.239795	55.000000	64.556793	210.40169	0.0329259	0.059978
625.827295	55.000000	64.943367	209.28954	0.0329126	0.0596479
627.414697	55.000000	65.205353	208.00002	0.0330969	0.0593334
629.002100	55.000000	65.616661	206.9305	0.0336968	0.0602315
630.589404	55.000000	65.883667	205.60823	0.0346811	0.0612623
632.176660	55.000000	66.196075	204.43243	0.0340777	0.0596379
633.763818	55.000000	66.428894	203.15588	0.0348007	0.0601223
635.350928	55.000000	66.69635	201.86667	0.0340898	0.058186
636.937988	55.000000	66.918861	200.41165	0.0348473	0.0584276
638.524951	55.000000	67.199692	199.15645	0.0347428	0.0576181
640.111865	55.000000	67.436729	197.66316	0.035804	0.058484
641.698730	55.000000	67.681961	196.22745	0.0370337	0.0596424
643.285498	55.000000	67.804581	194.74283	0.0357511	0.0565358
644.872217	55.000000	67.973549	193.33556	0.0376181	0.0587369
646.458887	55.000000	68.246002	191.87936	0.0370421	0.057349
648.045459	55.000000	68.347527	190.25568	0.03817	0.0582171
649.631934	55.000000	68.456985	188.73251	0.0382435	0.0576993
651.218408	55.000000	68.569733	187.23135	0.0382029	0.0570693
652.804736	55.000000	68.74247	185.58835	0.0383937	0.0570838
654.391064	55.000000	68.844818	183.84323	0.0372227	0.0550299
655.977295	55.000000	68.830582	182.20277	0.0344156	0.0505336
657.563428	55.000000	68.872429	180.87825	0.0343862	0.0503098
659.149512	55.000000	68.879807	179.63803	0.0337829	0.0492617
660.735547	55.000000	68.863289	178.04399	0.0383221	0.0557287
662.321484	55.000000	68.862	176.23653	0.0393352	0.0572563
663.907324	55.000000	68.886803	174.63158	0.040114	0.0586186
665.493115	55.000000	68.862694	173.02936	0.0392883	0.0577571
667.078857	55.000000	68.832108	171.39093	0.0399245	0.0591301
668.664502	55.000000	68.712196	169.92792	0.0386698	0.0575726
670.250049	55.000000	68.673813	168.44077	0.0399574	0.0601192
671.835547	55.000000	68.553856	166.93872	0.03913	0.0595245
673.420996	55.000000	68.44091	165.45279	0.0386789	0.0595384
675.006348	55.000000	68.328712	164.09935	0.0397489	0.0619869
676.591602	55.000000	68.130211	162.56973	0.0375885	0.0594525
678.176807	55.000000	68.013336	161.25401	0.0372873	0.0598629
679.761914	55.000000	67.799232	160.04794	0.0369634	0.0599464
681.346973	55.000000	67.683319	158.5914	0.0369245	0.061065
682.931934	55.000000	67.508011	157.2726	0.0379944	0.0637935
684.516846	55.000000	67.292389	156.05884	0.0370213	0.0629513
686.101660	55.000000	67.056519	154.9252	0.0355842	0.0611606
687.686377	55.000000	66.851189	153.67241	0.035639	0.062097
689.271045	55.000000	66.610611	152.65642	0.0360732	0.0632928
690.855615	55.000000	66.287834	151.60416	0.0360448	0.0637302
692.440137	55.000000	66.101593	150.44762	0.035567	0.0636576
694.024512	55.000000	65.923126	149.36548	0.0359844	0.0651493
695.608887	55.000000	65.628433	148.46454	0.0358387	0.0651615
697.193115	55.000000	65.351738	147.42084	0.0352814	0.064634
698.777295	55.000000	65.125336	146.40402	0.0348967	0.0644704
700.361377	55.000000	64.837883	145.55836	0.0364546	0.0675529
701.945410	55.000000	64.569153	144.69484	0.0360876	0.0672346
703.529346	55.000000	64.369003	143.71309	0.0363905	0.0683981
705.113184	55.000000	64.036369	142.99936	0.0366815	0.068917
706.696973	55.000000	63.742573	142.11118	0.0359146	0.0677853
708.280664	55.000000	63.545269	141.26884	0.0357725	0.0679956
709.864258	55.000000	63.197422	140.65881	0.0357538	0.0677735
711.447754	55.000000	62.938477	140.06078	0.0369965	0.0702265
713.031201	55.000000	62.7173	139.25438	0.0383695	0.0731948
714.614551	55.000000	62.372093	138.62231	0.0421642	0.0803889
716.197803	55.000000	62.125847	137.91438	0.0416417	0.079475
717.780957	55.000000	61.74683	137.36359	0.0393665	0.0749935
719.364063	55.000000	61.481407	137.01196	0.0363799	0.0691164
720.947070	55.000000	61.254272	136.21545	0.0372632	0.0711188
722.529980	55.000000	60.884144	135.88744	0.0372047	0.0706052
724.112842	55.000000	60.659657	135.0284	0.0386598	0.0737721
725.695557	55.000000	60.335381	134.55258	0.0387706	0.0736887
727.278223	55.000000	59.96991	134.11745	0.0379443	0.0719076
728.860791	55.000000	59.688427	133.57794	0.0375497	0.0710429
730.443262	55.000000	59.392994	133.15709	0.0385263	0.0727618
732.025684	55.000000	59.12225	132.69153	0.0375408	0.0707871
733.607959	55.000000	58.858959	132.32703	0.0378245	0.0711965
735.190186	55.000000	58.565952	131.8387	0.038583	0.0724602
736.772314	55.000000	58.326218	131.27635	0.0386147	0.0725814
738.354346	55.000000	57.997978	130.83612	0.0379372	0.0710897
739.936279	55.000000	57.695435	130.42258	0.0392338	0.0733887
741.518115	55.000000	57.404015	130.15128	0.0390188	0.0727261
743.099902	55.000000	57.140701	129.71078	0.0399251	0.0743008
744.681543	55.000000	56.871841	129.49889	0.0404984	0.07507
746.263135	55.000000	56.534817	129.13182	0.0399455	0.0737832
747.844629	55.000000	56.335197	128.85057	0.0397104	0.0732572
749.425977	55.000000	56.075367	128.54533	0.0396269	0.0729595
751.007275	55.000000	55.865372	128.15068	0.039747	0.0732258
752.588477	55.000000	55.6119	127.8392	0.0395453	0.0726772
754.169580	55.000000	55.3106	127.60928	0.0386886	0.0709029
755.750635	55.000000	55.030659	127.37594	0.0402479	0.0735015
757.331543	55.000000	54.764702	127.14526	0.0382133	0.0696052
758.912354	55.000000	54.450302	126.90226	0.0383796	0.0696491
760.493066	55.000000	54.254086	126.68095	0.0381985	0.0692307
762.073730	55.000000	53.97427	126.43395	0.039247	0.0709592
763.654248	55.000000	53.760017	126.0784	0.0398052	0.0720298
765.234668	55.000000	53.550449	125.9602	0.0397656	0.0717468
766.815039	55.000000	53.269547	125.7442	0.0399778	0.0720039
768.395264	55.000000	53.032528	125.47035	0.0392278	0.0705698
769.975439	55.000000	52.793892	125.34949	0.0394858	0.0708893
771.555469	55.000000	52.577446	125.15694	0.0384263	0.0688111
773.135400	55.000000	52.350773	125.04668	0.0400707	0.0715713
774.715283	55.000000	52.07732	124.90305	0.0404346	0.0720713
776.295020	55.000000	51.919838	124.59499	0.0402792	0.0718551
777.874658	55.000000	51.652523	124.50535	0.0407954	0.0725761
779.454199	55.000000	51.415977	124.28012	0.041327	0.0734498
781.033691	55.000000	51.161751	124.12775	0.0422267	0.0749564
782.613037	55.000000	50.983009	124.08847	0.0412066	0.0729563
784.192285	55.000000	50.743431	123.89742	0.0396204	0.0700502
785.771436	55.000000	50.541969	123.74285	0.0402095	0.0710509
787.350439	55.000000	50.309967	123.65062	0.0400803	0.0707487
788.929395	55.000000	50.051411	123.50538	0.0398398	0.0702252
790.508252	55.000000	49.877872	123.50504	0.0397982	0.0699875
792.086963	55.000000	49.672817	123.21652	0.0404133	0.0711401
793.665625	55.000000	49.4972	123.15013	0.0417631	0.073415
795.244141	55.000000	49.240257	123.00961	0.0412087	0.0723535
796.822559	55.000000	49.080982	123.09486	0.0390456	0.0684236
798.400879	55.000000	48.880966	122.96923	0.0407645	0.0713888
799.979102	55.000000	48.737835	122.77632	0.0410063	0.0718641
801.557178	55.000000	48.446564	122.71485	0.0418707	0.0732444
803.135205	55.000000	48.276302	122.6544	0.0400537	0.0700686
804.713086	55.000000	48.127987	122.43346	0.0405621	0.0710148
806.290869	55.000000	47.910934	122.45524	0.041277	0.0721338
807.868555	55.000000	47.73967	122.34913	0.0418494	0.0731729
809.446143	55.000000	47.53019	122.37713	0.0402537	0.0702348
811.023633	55.000000	47.353138	122.08841	0.0404609	0.0707278
812.600977	55.000000	47.216644	122.18079	0.0402621	0.0702437
814.178223	55.000000	47.047623	122.17675	0.0402697	0.0702105
815.755371	55.000000	46.887188	122.01456	0.0406015	0.0708307
817.332422	55.000000	46.658272	121.9883	0.0420755	0.0733823
818.909326	55.000000	46.501369	121.88874	0.0420626	0.0733804
820.486133	55.000000	46.373375	121.83469	0.0402999	0.0702992
822.062793	55.000000	46.138557	121.85831	0.041794	0.072893
823.639453	55.000000	46.028511	121.92736	0.0407317	0.0709072
825.215918	55.000000	45.817062	121.82558	0.0406062	0.0707485
826.792285	55.000000	45.715454	121.73506	0.0399312	0.0695739
828.368555	55.000000	45.521172	121.78345	0.042033	0.0731932
829.944727	55.000000	45.356113	121.55051	0.041638	0.0726404
831.520703	55.000000	45.187172	121.66763	0.0426635	0.0743645
833.096582	55.000000	45.03981	121.65897	0.042667	0.0743342
834.672461	55.000000	44.933598	121.44141	0.0425597	0.074315
836.248145	55.000000	44.767048	121.55317	0.0441027	0.0769001
837.823730	55.000000	44.626114	121.438	0.0409404	0.0714498
839.399121	55.000000	44.481895	121.43835	0.0420874	0.0734527
840.974512	55.000000	44.307335	121.41496	0.0425467	0.0742722
842.549707	55.000000	44.101311	121.27631	0.0415126	0.0725781
844.124902	55.000000	43.994152	121.36517	0.0419525	0.0732917
845.699902	55.000000	43.872063	121.35774	0.0428537	0.0748973
847.274707	55.000000	43.767796	121.44076	0.0427081	0.0745916
848.849512	55.000000	43.532997	121.39007	0.0425634	0.0743774
850.424121	55.000000	43.450851	121.33098	0.0418249	0.0731789
851.998730	55.000000	43.363533	121.19613	0.0425298	0.0745359
853.573145	55.000000	43.154984	121.40346	0.0423435	0.0740623
855.147363	55.000000	43.063301	121.30595	0.0415096	0.0726967
856.721582	55.000000	43.005226	121.28466	0.0408691	0.0716326
858.295605	55.000000	42.783051	121.34727	0.0419438	0.0735246
859.869629	55.000000	42.737652	121.29889	0.0427982	0.0750211
861.443359	55.000000	42.559628	121.26658	0.0411844	0.0723383
863.017090	55.000000	42.414814	121.31645	0.042335	0.0743835
864.590723	55.000000	42.280579	121.31352	0.0415066	0.0729109
866.164160	55.000000	42.18346	121.40681	0.0407618	0.0715813
867.737500	55.000000	42.029289	121.2829	0.0416736	0.0733617
869.310645	55.000000	41.946133	121.21351	0.0430564	0.0759042
870.883789	55.000000	41.817612	121.32466	0.0414484	0.0730413
872.456738	55.000000	41.681492	121.1799	0.0418152	0.0738398
874.029590	55.000000	41.63158	121.21735	0.0425731	0.0751365
875.602344	55.000000	41.51712	121.27843	0.0428093	0.0755969
877.174902	55.000000	41.39999	121.37801	0.0417985	0.0737711
878.747363	55.000000	41.280769	121.3688	0.0432251	0.0763788
880.319727	55.000000	41.159088	121.38526	0.0423813	0.0748849
881.891992	55.000000	41.042564	121.19354	0.0427769	0.0758648
883.464063	55.000000	40.915684	121.25484	0.0433123	0.0767976
885.036035	55.000000	40.836529	121.34808	0.0432257	0.0766051
886.607910	55.000000	40.674469	121.463	0.0429895	0.0762268
888.179590	55.000000	40.643059	121.53902	0.0427568	0.0757585
889.751172	55.000000	40.515175	121.46171	0.0419727	0.0744973
891.322656	55.000000	40.384407	121.43217	0.0414074	0.0735869
892.894043	55.000000	40.272022	121.44517	0.0432256	0.0769086
894.465234	55.000000	40.182636	121.34322	0.0441111	0.0786128
896.036328	55.000000	40.09095	121.33501	0.0446151	0.079569
897.607227	55.000000	39.995277	121.40282	0.0431307	0.0770344
899.178125	55.000000	39.878956	121.38729	0.0434631	0.077668
900.748828	55.000000	39.785328	121.46861	0.0437711	0.078241
902.319336	55.000000	39.818916	121.46091	0.04408	0.0787315
903.889844	55.000000	39.566368	121.53469	0.0430236	0.077048
905.460059	55.000000	39.561146	121.77402	0.0427977	0.0764347
907.030273	55.000000	39.438175	121.59991	0.0438855	0.0786228
908.600293	55.000000	39.361404	121.62885	0.0431241	0.0773168
910.170215	55.000000	39.232857	121.71363	0.0427435	0.0766794
911.740039	55.000000	39.18187	121.74305	0.0451297	0.0809728
913.309668	55.000000	39.039936	121.74596	0.045538	0.081804
914.879199	55.000000	38.967758	121.7464	0.0450272	0.0809399
916.448535	55.000000	38.912666	121.8287	0.0454214	0.0816623
918.017773	55.000000	38.766953	121.81519	0.04486	0.0808103
919.586914	55.000000	38.71249	121.96979	0.045566	0.0820263
921.155957	55.000000	38.598415	121.94979	0.0451347	0.0814324
922.724805	55.000000	38.602158	122.01807	0.0455952	0.0821356
924.293457	55.000000	38.503925	122.05267	0.0463827	0.0836825
925.862012	55.000000	38.400352	121.89396	0.0473123	0.0855234
927.430469	55.000000	38.312599	121.87346	0.0482386	0.0873481
928.998828	55.000000	38.275368	121.951	0.0463703	0.0839699
930.566992	55.000000	38.12352	122.15123	0.0490052	0.0886671
932.134961	55.000000	38.083832	121.96465	0.0484671	0.0879097
933.702930	55.000000	37.997517	122.21741	0.050439	0.0913623
935.270605	55.000000	37.976997	122.25886	0.0515485	0.0933761
936.838281	55.000000	37.887657	122.38567	0.0543337	0.0983415
938.405762	55.000000	37.800789	122.35476	0.0576395	0.104619
939.973047	55.000000	37.72369	122.42352	0.0623282	0.113022
941.540234	55.000000	37.497944	122.20801	0.0646924	0.118082
943.107324	55.000000	37.472301	122.44287	0.0664105	0.120796
944.674219	55.000000	37.562103	122.30666	0.0677968	0.123541
946.241016	55.000000	37.451424	122.32925	0.0705004	0.128604
947.807715	55.000000	37.415516	122.54398	0.0703272	0.128018
949.374219	55.000000	37.272266	122.60783	0.0696047	0.126878
950.940527	55.000000	37.197353	122.53529	0.0651859	0.119021
952.506738	55.000000	37.179802	122.7711	0.0675151	0.123002
954.072852	55.000000	37.02475	122.8746	0.0619513	0.112969
955.638770	55.000000	36.946957	122.74976	0.0650682	0.119179
957.204590	55.000000	37.001934	123.06973	0.0619558	0.112823
958.770215	55.000000	36.807861	122.90311	0.0593396	0.108587
960.335645	55.000000	36.754829	122.89584	0.0584023	0.106973
961.901074	55.000000	36.733429	122.89874	0.0591714	0.108398
963.466211	55.000000	36.669586	123.04769	0.0574896	0.105219
965.031348	55.000000	36.508953	123.13093	0.0566863	0.104071
966.596289	55.000000	36.521938	122.77983	0.0568177	0.10458
968.161035	55.000000	36.492596	122.94981	0.0578457	0.106509
969.725684	55.000000	36.402096	123.04009	0.0574259	0.105658
971.290137	55.000000	36.286671	123.05665	0.0548459	0.101052
972.854492	55.000000	36.290215	123.16218	0.0588098	0.108111
974.418652	55.000000	36.225956	123.27194	0.0605108	0.111466
975.982715	55.000000	36.104637	123.24173	0.0568062	0.104808
977.546582	55.000000	36.029713	123.12926	0.0573417	0.106102
979.110352	55.000000	36.041698	123.39671	0.0558633	0.103124
980.673926	55.000000	35.984379	123.45418	0.0553096	0.101965
982.237402	55.000000	35.901161	123.793	0.0548267	0.100679
983.800684	55.000000	35.791962	123.53036	0.0557279	0.103029
985.363867	55.000000	35.754486	123.40954	0.0577219	0.107014
986.926855	55.000000	35.685795	123.86033	0.0566687	0.104615
988.489648	55.000000	35.667728	123.57881	0.0566618	0.105015
990.052344	55.000000	35.560757	123.50845	0.0572676	0.106367
991.614941	55.000000	35.630356	123.75887	0.0583545	0.10807
993.177344	55.000000	35.499767	123.79726	0.0575609	0.106618
994.739551	55.000000	35.579132	123.68936	0.0590647	0.109415
996.301660	55.000000	35.420059	123.89087	0.0573607	0.106324
997.863574	55.000000	35.372021	123.79009	0.0570116	0.105991
999.425391	55.000000	35.412209	124.01515	0.0604749	0.112029
1012.644043	55.000000	34.667637	124.69988	0.0748324	0.139814
1015.985840	55.000000	34.583927	124.62553	0.0637493	0.119211
1019.328809	55.000000	34.599792	124.59958	0.0587694	0.109988
1022.673145	55.000000	34.374008	125.1294	0.0526276	0.0983308
1026.018750	55.000000	34.320015	125.16508	0.046452	0.0868759
1029.365527	55.000000	34.285336	125.06821	0.045498	0.0852273
1032.713574	55.000000	34.359913	125.33942	0.0396637	0.073977
1036.062793	55.000000	34.095295	125.92874	0.0357995	0.066659
1039.413379	55.000000	34.02578	126.04446	0.0336833	0.0627163
1042.765039	55.000000	33.833328	126.47935	0.0324716	0.0604037
1046.117969	55.000000	33.785816	127.36981	0.0296721	0.0545283
1049.472168	55.000000	33.588356	127.83791	0.027041	0.0496413
1052.827441	55.000000	33.365379	128.46687	0.0246522	0.0451245
1056.183984	55.000000	33.142281	129.43114	0.02386	0.0432677
1059.541602	55.000000	32.981567	130.40085	0.0226472	0.040637
1062.900488	55.000000	32.706554	131.48077	0.021262	0.0377763
1066.260449	55.000000	32.584324	132.28624	0.0201049	0.0354248
1069.621582	55.000000	32.355068	133.04837	0.0202583	0.0354315
1072.983887	55.000000	32.232445	133.92885	0.0186518	0.0322543
1076.347363	55.000000	32.082535	134.56319	0.0188911	0.0324371
1079.711816	55.000000	31.969894	135.31006	0.0180715	0.0307214
1083.077539	55.000000	31.83157	135.93169	0.0181828	0.0306822
1086.444336	55.000000	31.701525	136.53804	0.0176877	0.0296121
1089.812207	55.000000	31.582846	137.1734	0.018281	0.0303253
1093.181152	55.000000	31.506109	137.69911	0.0175031	0.0288274
1096.551172	55.000000	31.375406	138.2516	0.0180025	0.0294172
1099.922266	55.000000	31.27953	138.72302	0.0173175	0.0281256
1103.294434	55.000000	31.174322	139.20241	0.0173397	0.0279464
1106.667676	55.000000	31.085392	139.58121	0.0172986	0.0277452
1110.041992	55.000000	31.035221	140.00951	0.0174676	0.0277971
1113.417285	55.000000	30.934349	140.3819	0.017168	0.0271784
1116.793652	55.000000	30.874086	140.78311	0.0177746	0.0279382
1120.170996	55.000000	30.805023	141.04292	0.0179729	0.028143
1123.549414	55.000000	30.749647	141.41699	0.0181261	0.0281918
1126.928809	55.000000	30.69375	141.69966	0.0175158	0.0271116
1130.309180	55.000000	30.629318	141.93867	0.0170332	0.0262779
1133.690625	55.000000	30.593056	142.2428	0.0176842	0.0271123
1137.072949	55.000000	30.527523	142.4353	0.0171723	0.0262617
1140.456348	55.000000	30.481728	142.65047	0.0174707	0.0266224
1143.840625	55.000000	30.431017	142.86172	0.0177806	0.0270148
1147.225879	55.000000	30.405441	143.0773	0.017763	0.0268568
1150.612109	55.000000	30.349899	143.24243	0.0180353	0.0271952
1153.999316	55.000000	30.346403	143.41281	0.017644	0.0264993
1157.387402	55.000000	30.286764	143.54388	0.0173515	0.0260323
1160.776367	55.000000	30.244377	143.68811	0.0174232	0.0260722
1164.166309	55.000000	30.246489	143.83977	0.0181576	0.0270622
1167.557129	55.000000	30.223545	143.94666	0.0172141	0.0256174
1170.948828	55.000000	30.200638	144.10077	0.0180087	0.0266969
1174.341504	55.000000	30.158823	144.18004	0.0179583	0.0266199
1177.734961	55.000000	30.159788	144.30881	0.017872	0.0263843
1181.129395	55.000000	30.10845	144.34081	0.0179014	0.0264364
1184.524609	55.000000	30.115782	144.4406	0.0182184	0.0268211
1187.920703	55.000000	30.107578	144.4496	0.0176894	0.0260411
1191.317676	55.000000	30.090616	144.50136	0.018493	0.0271947
1194.715430	55.000000	30.091887	144.54782	0.0179269	0.0263096
1198.114063	55.000000	30.079752	144.58904	0.01886	0.0276715
1201.513477	55.000000	30.084499	144.63054	0.0185005	0.0270858
1204.913770	55.000000	30.056997	144.64252	0.018595	0.027239
1208.314746	55.000000	30.03372	144.68173	0.0192612	0.0281886
1211.716602	55.000000	30.035831	144.71426	0.0195148	0.0285295
1215.119336	55.000000	30.031754	144.76228	0.0191794	0.0279994
1218.522754	55.000000	30.028526	144.81737	0.0189093	0.0275621
1221.926953	55.000000	30.008066	144.79822	0.0193997	0.0283017
1225.331836	55.000000	29.992008	144.88016	0.0194994	0.0283786
1228.737598	55.000000	30.013081	144.93546	0.0193652	0.0281365
1232.144043	55.000000	29.991522	144.97493	0.0194435	0.0282343
1235.551270	55.000000	29.984076	144.97423	0.0203408	0.0295293
1238.959180	55.000000	29.968815	145.10118	0.0199253	0.028839
1242.367871	55.000000	29.980137	145.08096	0.0189994	0.0274971
1245.777246	55.000000	29.958864	145.12755	0.0198838	0.0287681
1249.187305	55.000000	29.934095	145.14182	0.0194546	0.0281436
1252.598145	55.000000	29.962217	145.224	0.0199744	0.0288232
1256.009570	55.000000	29.934711	145.25581	0.0208875	0.030117
1259.421680	55.000000	29.919588	145.25562	0.0200903	0.0289797
1262.834570	55.000000	29.927353	145.3513	0.0197124	0.0283502
1266.248047	55.000000	29.917234	145.39052	0.0200203	0.028764
1269.662109	55.000000	29.903828	145.38486	0.0200399	0.0287998
1273.076953	55.000000	29.890757	145.4404	0.0203951	0.0292778
1276.492383	55.000000	29.908562	145.51393	0.0200115	0.0286484
1279.908398	55.000000	29.872372	145.55754	0.0204263	0.0292417
1283.325098	55.000000	29.874743	145.57814	0.0204908	0.0293048
1286.742383	55.000000	29.86372	145.62657	0.0206437	0.0294962
1290.160254	55.000000	29.87574	145.69228	0.0207105	0.0295197
1293.578809	55.000000	29.855965	145.74564	0.0210392	0.0299677
1296.997852	55.000000	29.856209	145.76633	0.021499	0.0305901
1300.417480	55.000000	29.844965	145.80846	0.0215434	0.0306297
1303.837793	55.000000	29.82621	145.85011	0.0214302	0.0304391
1307.258594	55.000000	29.846605	145.93376	0.0219685	0.0310968
1310.679883	55.000000	29.824694	145.96669	0.0208113	0.0294402
1314.101855	55.000000	29.814238	145.99463	0.0219631	0.0310569
1317.524219	55.000000	29.821501	146.03465	0.0222835	0.0314603
1320.947266	55.000000	29.791113	146.07326	0.0223397	0.0315252
1324.370703	55.000000	29.808857	146.12906	0.0230189	0.0324107
1327.794727	55.000000	29.793999	146.19164	0.0233084	0.032774
1331.219238	55.000000	29.789438	146.24318	0.0228514	0.0320738
1334.644238	55.000000	29.77252	146.26813	0.022003	0.0308826
1338.069727	55.000000	29.764826	146.2955	0.0229533	0.0321797
1341.495703	55.000000	29.770939	146.41695	0.0234487	0.0327574
1344.922168	55.000000	29.730032	146.35994	0.0226515	0.0317085
1348.349023	55.000000	29.737432	146.43674	0.0234472	0.0327402
1351.776465	55.000000	29.718508	146.47539	0.0231977	0.0324
1355.204199	55.000000	29.696089	146.52376	0.0235275	0.0328036
1358.632520	55.000000	29.755678	146.63927	0.0231018	0.03208
1362.061133	55.000000	29.695854	146.58228	0.0228548	0.0318136
1365.490234	55.000000	29.739939	146.67776	0.0236776	0.0328306
1368.919824	55.000000	29.693357	146.67946	0.0239079	0.033211
1372.349707	55.000000	29.714596	146.79333	0.0232946	0.0322181
1375.779980	55.000000	29.66046	146.78793	0.0243487	0.033728
1379.210742	55.000000	29.68528	146.84435	0.0244147	0.0337409
1382.641797	55.000000	29.669056	146.99689	0.0244608	0.0336949
1386.073242	55.000000	29.662954	146.98425	0.0246085	0.033892
1389.505078	55.000000	29.625576	147.04396	0.0249257	0.0342849
1392.937207	55.000000	29.627386	147.02405	0.0251926	0.0346716
1396.369727	55.000000	29.651194	147.12175	0.0256143	0.0351424
1399.802637	55.000000	29.64217	147.14999	0.0252508	0.0346058
1403.235742	55.000000	29.656605	147.27902	0.0250575	0.0342214
1406.669336	55.000000	29.633558	147.21722	0.0247728	0.0339022
1410.103125	55.000000	29.612728	147.28647	0.0255921	0.0349744
1413.537207	55.000000	29.632036	147.34012	0.026037	0.0354884
1416.971680	55.000000	29.608017	147.44919	0.0254679	0.0346255
1420.406348	55.000000	29.618912	147.49181	0.0241707	0.0328114
1423.841309	55.000000	29.585098	147.49612	0.0254852	0.0346346
1427.276563	55.000000	29.595905	147.49026	0.0259055	0.0351835
1430.712109	55.000000	29.601196	147.62279	0.0262179	0.0354715
1434.147852	55.000000	29.596613	147.6165	0.0257651	0.0348509
1437.583887	55.000000	29.578302	147.70262	0.0267933	0.0361952
1441.020215	55.000000	29.583017	147.72589	0.026867	0.0362416
1444.456641	55.000000	29.571833	147.79427	0.0274381	0.0369596
1447.893359	55.000000	29.539211	147.81888	0.0277012	0.0372907
1451.330273	55.000000	29.574865	147.83609	0.0272006	0.0365721
1454.767383	55.000000	29.552654	147.90889	0.0278189	0.0373258
1458.204688	55.000000	29.544022	147.95522	0.0278259	0.0373048
1461.642188	55.000000	29.557364	148.01003	0.027561	0.0368683
1465.079883	55.000000	29.539221	148.05823	0.0275738	0.0368172
1468.517773	55.000000	29.517115	148.07335	0.0285206	0.0381054
1471.955762	55.000000	29.513544	148.15118	0.0284454	0.037896
1475.393945	55.000000	29.539354	148.23094	0.0282053	0.0374505
1478.832227	55.000000	29.536821	148.31584	0.0275956	0.0365373
1482.270703	55.000000	29.484907	148.28143	0.0291164	0.0386675
1485.709277	55.000000	29.497055	148.36931	0.0293275	0.0388083
1489.148047	55.000000	29.490913	148.38789	0.0293284	0.0387999
1492.586816	55.000000	29.502668	148.51196	0.0292242	0.0384898
1496.025781	55.000000	29.510706	148.58354	0.0280285	0.0368272
1499.464746	55.000000	29.473759	148.51082	0.029132	0.0383859
1502.903809	55.000000	29.492308	148.63449	0.0286605	0.0376257
1506.343066	55.000000	29.449581	148.65373	0.0301258	0.039559
1509.782324	55.000000	29.457397	148.65045	0.0304287	0.0399646
1513.221582	55.000000	29.472879	148.74367	0.0304274	0.0398123
1516.660938	55.000000	29.455788	148.78409	0.0308885	0.0403869
1520.100391	55.000000	29.449055	148.85306	0.0311882	0.0407171
1523.539844	55.000000	29.423628	148.90901	0.0309183	0.0403006
1526.979297	55.000000	29.443939	148.91394	0.0330831	0.0430915
1530.418750	55.000000	29.424715	148.95856	0.0304442	0.0396333
1533.858301	55.000000	29.406605	148.98154	0.029954	0.0389718
1537.297754	55.000000	29.42594	149.08054	0.0309662	0.0401509
1540.737305	55.000000	29.406841	149.14789	0.0320057	0.0414202
1544.176758	55.000000	29.453537	149.19893	0.0322584	0.0416636
1547.616309	55.000000	29.403894	149.24617	0.0320692	0.041359
1551.055664	55.000000	29.432119	149.27304	0.0307242	0.0395695
1554.495117	55.000000	29.389801	149.29839	0.0323277	0.0416675
1557.934473	55.000000	29.409491	149.38091	0.0319754	0.0410963
1561.373730	55.000000	29.40493	149.39644	0.0332	0.0426239
1564.812988	55.000000	29.359451	149.35733	0.0335995	0.0432156
1568.252148	55.000000	29.404232	149.56032	0.034878	0.0445638
1571.691211	55.000000	29.384109	149.5289	0.0322994	0.0413228
1575.130273	55.000000	29.395061	149.60973	0.0330719	0.0422043
1578.569141	55.000000	29.394104	149.65405	0.0329495	0.0419738
1582.007910	55.000000	29.345417	149.70694	0.0336367	0.0428348
1585.446582	55.000000	29.354992	149.72455	0.0334128	0.0425089
1588.885156	55.000000	29.334471	149.72372	0.0337319	0.042922
1592.323535	55.000000	29.366789	149.8443	0.0335617	0.042518
1595.761816	55.000000	29.332031	149.87811	0.0345315	0.0437558
1599.200000	55.000000	29.335335	149.91786	0.0337579	0.0427073
1602.637988	55.000000	29.35137	149.99765	0.0339844	0.0428166
1606.075781	55.000000	29.386572	150.07779	0.033322	0.0418798
1609.513477	55.000000	29.360651	150.03833	0.0353671	0.0445379
1612.950879	55.000000	29.345392	150.10535	0.0357496	0.0448867
1616.388184	55.000000	29.31027	150.08385	0.0363388	0.0457113
1619.825293	55.000000	29.325726	150.26988	0.0356321	0.0445302
1623.262109	55.000000	29.335419	150.29865	0.0355499	0.0444322
1626.698828	55.000000	29.267939	150.30992	0.0379311	0.0473844
1630.135254	55.000000	29.326572	150.34793	0.0392286	0.0488745
1633.571484	55.000000	29.309164	150.38147	0.0370994	0.0462348
1637.007422	55.000000	29.336424	150.46028	0.0386932	0.0480387
1640.443164	55.000000	29.358622	150.61292	0.0367588	0.0453887
1643.878516	55.000000	29.288803	150.50827	0.039077	0.0484339
1647.313867	55.000000	29.322044	150.50369	0.0401596	0.0497433
1650.748633	55.000000	29.31324	150.58768	0.0398621	0.0492964
1654.183398	55.000000	29.293608	150.62616	0.0407969	0.0504192
1657.617773	55.000000	29.296852	150.74821	0.0412567	0.0507137
1661.051758	55.000000	29.284172	150.74513	0.03971	0.0488244
1664.485547	55.000000	29.290186	150.81656	0.0417254	0.0511935
1667.918945	55.000000	29.223536	150.68877	0.0409004	0.0505025
1671.352148	55.000000	29.263071	150.88358	0.0417497	0.0511655
1674.784961	55.000000	29.2283	150.76305	0.045831	0.0563823
1678.217383	55.000000	29.28561	150.9783	0.0454905	0.0554765
1681.649414	55.000000	29.347521	151.11899	0.0481479	0.0584521
1685.081055	55.000000	29.433687	151.43669	0.0576623	0.0688819
1688.512500	55.000000	29.447828	151.33475	0.061914	0.0742728
1691.943555	55.000000	29.364008	150.86613	0.0702176	0.0859469
1695.374219	55.000000	29.096724	150.99408	0.0842975	0.102844
1698.804297	55.000000	28.994701	151.37227	0.0973375	0.118536